id,xcentroid,ycentroid,sharpness,roundness1,roundness2,npix,sky,peak,flux,mag,xcenter,ycenter,aperture_sum,aperture_sum_mask,aperture_sum_edge,ra,dec,aperture_sum_0,aperture_sum_1,aperture_sum_2,aperture_sum_3,aperture_sum_4,aperture_sum_5,aperture_sum_6,aperture_sum_7,aperture_sum_8,aperture_sum_9,aperture_sum_10,aperture_sum_11
1,1551.7890333060977,2.1735063557203333,0.43929263909205424,-0.382660383340674,0.06192587809308555,49,0.0,0.1254168725805695,21.68636151103796,-3.34046673293654,1551.7890333060977,2.1735063557203333,3124.6670562084137,0.0,2466.6584202041995,146.327935755332,11.944195596461952,269.3017438385661,290.5965493513917,264.6443169918092,325.0732215116761,278.7804861795597,283.2918373532497,265.3950042759102,275.98704472084273,294.8644571774423,276.2560502708792,272.42042580581233,28.055918731274353
2,1568.1760613815866,35.314925264836006,0.5160115603365595,-0.507265655332997,-0.3217812154758741,49,0.0,0.007415277832567878,1.0195721945316503,-0.021044957523349367,1568.1760613815866,35.314925264836006,273.98733433511455,0.0,224.54825567111652,146.32095794082366,11.958003119173979,26.776517770061872,23.93165042085554,22.292078868813864,31.718223608582665,32.237038560721956,13.750455172415066,27.953275638478402,27.574731517027068,19.9603743801556,25.91728228021809,20.528579797282724,1.3471263205016968
3,1550.7827006654957,76.4828663834246,0.5136803050708862,-0.2572421580456028,0.1442790319329108,49,0.0,0.025209450998402043,3.9330605004303987,-1.4868265675251204,1550.7827006654957,76.4828663834246,576.386302974505,0.0,152.99790076371397,146.32836686386943,11.975153804848913,41.29990627822643,64.26451869897619,58.48882153527239,48.08330823715504,54.49745897775844,62.88382597247224,52.448277732122165,43.50638984599243,53.297790052587516,43.72156970908294,51.61209610209359,2.2823398327657713
4,1279.4208786997194,304.5696634688968,0.7011503676627634,-0.14040947287450992,0.04821555452719989,49,0.0,0.0298987482042959,3.8618139867989068,-1.4669783778728425,1279.4208786997194,304.5696634688968,532.452120522992,0.0,0.0,146.4439929210267,12.070147356204288,49.1199942860124,41.58601289236955,36.405054594540694,51.890376029298764,51.08096394459649,47.67746701857091,46.196536287753986,42.14092171360677,55.662363446539764,50.3615935225624,53.2164116016523,7.114425185487926
5,1245.5624347433593,356.32034315861563,0.37655946360153697,-0.11129317107207819,0.14355554982663965,49,0.0,0.01159212021423673,2.1492300735567462,-0.8307072722416033,1245.5624347433593,356.32034315861563,348.52729344094774,0.0,0.0,146.4584315215059,12.091700809857718,30.819723234850954,31.6346894398824,35.290264298001176,28.112586500401935,31.83732742847238,26.963638928680375,22.09525260565852,29.343134649747917,34.76251633045252,29.40657622789658,42.400600964829614,5.8609828320734065
6,1790.0828567462104,426.6817631618994,0.4365532491964809,-0.2885501998597165,-0.10695953588765003,49,0.0,0.010412664561414556,1.825805671421323,-0.6536363794352582,1790.0828567462104,426.6817631618994,292.6664711241736,0.0,0.0,146.2264007041491,12.121044993491642,19.288094508502724,25.401800381582298,24.60355046370119,21.621006323429462,24.753674229927647,34.908456930373816,34.7602462181529,25.989773529464337,20.36791947716672,27.30980409993035,29.968402305778774,3.693742656163369
7,1119.5262004746203,469.3585382998947,0.28672879038578153,-0.374851672234475,-0.41988910795998285,49,0.0,0.006186482454570106,1.1196498002802742,-0.12270551741565217,1119.5262004746203,469.3585382998947,278.28111873094326,0.0,0.0,146.5121730837708,12.138762047935543,21.544019526084714,25.62043747427962,23.74409630926464,24.587424302577297,23.03757443129787,24.684942425546616,23.816576655715167,29.566249048374388,28.488000918706227,25.91284191105055,22.17396435419841,5.104991373847806
8,380.23163905157,517.0303602750836,0.3397870876884543,-0.09661873416846817,0.13715255431350454,49,0.0,0.02367017426714279,3.2613618063777636,-1.28349745224124,380.23163905157,517.0303602750836,1434.2256856637985,0.0,0.0,146.82727367350017,12.158213399598544,127.88138682611273,112.25775960125425,120.88385867585257,126.44658620536866,137.78831680417392,135.03109756121285,132.13992674680998,133.8582448378856,127.7064071666734,123.03666234233359,129.96135239361854,27.234086502502343
9,873.8636464826826,521.4855552726291,0.6822651818957188,0.004413424570225453,0.17196872821462725,49,0.0,0.02587988392741139,3.456458825736962,-1.3465784695427745,873.8636464826826,521.4855552726291,445.1657824211146,0.0,0.0,146.61689401778835,12.16038325216765,32.03340350162645,38.57355320702975,44.6863389458686,46.10765071745567,34.67494928572438,42.500260217054034,44.18816203165116,41.06203219997606,42.95576870322864,28.269502576500795,43.15019510191361,6.963965933085525
10,1929.501172986833,719.1236623242495,0.5292753004669615,0.06752478126812486,0.02427083796954035,49,0.0,0.01109128322009041,1.2898163559092743,-0.2763196995993428,1929.501172986833,719.1236623242495,479.5084119287126,0.0,0.0,146.1669209183104,12.242865045402656,49.519800873493885,40.84858893393873,42.68417361737857,38.121742828987564,45.06507045005749,37.9512021336451,46.95575308640093,39.3381989029968,49.32314414052321,42.91083605382448,43.37200619485249,3.417894712613345
11,654.9768049502468,722.3362004347173,0.41068340865109315,0.10155686684164335,0.46311116239218364,49,0.0,0.006732512666743321,1.0127224637911456,-0.013726108567382515,654.9768049502468,722.3362004347173,285.3289802035915,0.0,0.0,146.7103153189344,12.243945212181293,24.389527167708884,23.190580280545678,20.982900226804546,28.160328757838577,21.655609866308147,29.059947945060784,26.421057354260405,19.773528200211075,30.92655057085288,29.035931355812984,27.86643862478932,3.8665798533982834
12,163.63441135046185,723.51417396866,0.4558273722272638,0.6717011508725336,-0.103769487535285,49,0.0,0.006334956804999095,1.06040078662435,-0.0636751030715564,163.63441135046185,723.51417396866,198.74270068281743,0.0,85.05346369499723,146.9197869445957,12.244051178413159,18.372138318467314,25.300729074787185,14.743822672397082,14.233065949291955,16.187364571049706,19.210267429704313,15.34110376744325,19.053490377382936,20.152224289864577,12.059377555544259,23.087570309658833,1.0015463672260456
13,619.5558205348366,753.0465337853922,0.7553641306545981,0.2984829224362112,0.2241620837148812,49,0.0,0.009800309568523896,1.0748444856919621,-0.07836408181148737,619.5558205348366,753.0465337853922,247.93678198209943,0.0,0.0,146.72543738459427,12.256717905751726,20.66014528788591,19.872929334824363,18.81529594919469,23.84587763212678,20.193793825352365,24.488060572045338,26.855947473576457,24.73820941785316,22.843919999739697,19.528011245760215,20.996795646969858,5.097795596770613
14,133.0509288611363,756.3667287667869,0.8338183886203107,0.9509220141726056,0.4515603684454378,49,0.0,0.022302582858919152,2.2395322991287414,-0.8753933258401672,133.0509288611363,756.3667287667869,688.5849335058952,0.0,400.6666575851507,146.93285831102517,12.257709189191731,55.8612869412907,64.1979778143428,58.531834506152705,71.575481706926,65.18055586464627,53.31199616165344,51.07472671418243,61.89566462864218,60.43033269571101,61.58926751052056,76.31392761498736,8.621881346839608
15,1282.9885838680052,858.995685305936,0.677569526342481,0.13413991403698283,0.22448145370795933,49,0.0,0.030047047482914015,3.80274465780801,-1.450242912248405,1282.9885838680052,858.995685305936,614.3425190838985,0.0,0.0,146.44259472014423,12.301145299473449,46.48909262401479,60.76209077365425,59.7869278009836,56.696891720219384,58.83776966746376,47.936366540659094,45.85955962213786,58.31072106946161,64.88574464045539,57.15136461363481,50.737397528545465,6.888592482668551
16,2191.3558089585204,862.712304660354,0.2325914149121664,-0.14349641453849665,-0.25611688593908705,49,0.0,0.00798281684012273,1.7241552972002565,-0.5914409519810344,2191.3558089585204,862.712304660354,359.78855796744847,0.0,0.0,146.0552205770378,12.302611806168791,29.657662218463955,45.615331226031046,30.91451415812046,30.64789125386192,32.489409799445205,27.5862904905027,30.83802503298849,38.41007398199827,33.0989082720928,26.14394448033289,32.102086995151296,2.2844200584594576
17,682.3422966121964,878.8511662136883,0.5397039283021959,0.22328389307755592,0.16025604644386948,49,0.0,0.011131029116469892,1.8973895036881705,-0.6953912343624271,682.3422966121964,878.8511662136883,200.720498705438,1.0,0.0,146.69874797502058,12.309172807981069,15.95935206161187,20.821295453289558,21.389166860664176,16.650521577003484,22.378607016677986,15.520830931854448,15.535345453160225,16.184127647687077,12.72170665050804,19.736529544926437,19.971803503785665,3.8512120042690383
18,2090.2910897138913,927.2988946891235,0.37897591022424415,0.06875360245716018,0.6799993212683146,49,0.0,0.023553577634181196,2.3470780230889368,-0.9263188173430585,2090.2910897138913,927.2988946891235,1940.7737492468414,0.0,0.0,146.09829740879366,12.32955808103659,154.43237878529754,174.86448756807766,172.6351047046927,183.63743492313552,191.95874243842275,175.31980807258537,176.86495918429523,175.1050479518779,159.69660135274916,190.1301794887425,164.53238857282415,21.59661620414111
19,2091.1322393687938,928.5034831076748,0.28866329052755546,0.7789998468043796,0.3970503679734336,49,0.0,0.017016621043621522,1.8375471398833767,-0.6605962228989173,2091.1322393687938,928.5034831076748,1859.6314889584175,0.0,0.0,146.09793825465815,12.330059704430854,145.21225990926456,168.8024887772927,159.47910024743305,174.36575774129193,182.82409685817072,169.40810186999087,170.28477987349754,167.9714092246016,158.6444608760903,181.5082878380141,160.28937704010497,20.841368702665292
20,520.1889842377255,931.2588147501999,0.738837203462826,0.01803735746106137,-0.005020343625356056,49,0.0,0.008949063439557628,1.197048565237489,-0.1952794261137626,520.1889842377255,931.2588147501999,143.96078836665106,0.0,0.0,146.76793611960773,12.33090094169686,8.586525531965217,10.555766693180534,8.769800548537578,9.76627974400219,11.085181403288585,14.721184796361948,9.928273976837266,22.645539381461607,8.94637842788568,18.58193935422512,15.518357287581061,4.855561221324276
21,1322.4175399947767,942.2779580751605,0.6730596418534017,-0.044204401969406774,0.011384885322122408,49,0.0,0.015943354395783756,2.068807080441589,-0.7892999847527381,1322.4175399947767,942.2779580751605,341.45949770655113,0.0,0.0,146.42579631869825,12.335853029955752,22.001214503649667,38.511026575965495,26.47890439506588,37.78281451283951,24.10896961978876,18.825007379450327,35.76914561973698,21.490954672246303,35.822598097925834,35.19642518378882,40.05615267988429,5.416284466209273
22,923.3227406288929,1018.0468320326239,0.9026590727811133,0.19006330472017027,-0.022625390265095115,49,0.0,0.012732247397480552,1.354570424566312,-0.3295039726763152,923.3227406288929,1018.0468320326239,240.7038632768416,0.0,0.0,146.59604719047186,12.36729603982519,20.38378250145104,24.388669921421688,18.90125531708859,13.70518074986716,16.03885666969237,19.516274613795233,26.75256197161375,22.594592806829482,21.779165241349304,25.375101925305522,29.316404351948133,1.9520172064793122
23,431.72567369955624,1065.9233276934697,0.6630529094431221,0.5743441742460352,0.19667266962497276,49,0.0,0.007798807415543414,1.0011541739737662,-0.0012524058617315243,431.72567369955624,1065.9233276934697,180.3656148722595,4.0,0.0,146.80577231607688,12.386942060446291,14.476917884777635,9.799426552031148,16.446039822716322,11.372928983946881,19.251800342224595,22.944409041494055,10.286528374777644,19.63221042425788,24.222473998915255,18.0499548064661,12.886056496138892,0.9968681445130767
24,421.5278370615703,1111.550718403189,0.6379995857820028,-0.5155919458830683,-0.26580694157406787,49,0.0,0.011388497387655652,1.2976909919451343,-0.2829282248630497,421.5278370615703,1111.550718403189,418.4597398986066,2.544429050313677,0.0,146.81015962963727,12.405944510377923,32.689085036823606,51.61119206957677,33.008616722475,37.80381836624986,31.340049750200766,42.3642464397943,33.48574603171963,36.57670530184619,43.29696694014753,36.341591354867774,31.960998109107166,7.980723775797993
25,739.8707773600978,1112.2420271598469,0.2685644105938861,-0.35208261569173305,-0.049623634097225505,49,0.0,0.006824991849316377,1.3692854093740707,-0.3412349512285095,739.8707773600978,1112.2420271598469,352.75382534284284,0.0,0.0,146.6743544004223,12.406448921987337,34.747520305555,29.45997220470825,32.088304876879235,26.045113108730895,36.427482919780225,27.506503274016623,31.709640097222533,32.729589355923224,31.10908069605139,33.05633875314817,33.93124720097494,3.943032549852374
26,2099.7119141038024,1115.6130405566673,0.6867155610388532,0.5766728396041904,0.16996613138564454,49,0.0,0.058120897123240374,8.001613633149683,-2.257943942887954,2099.7119141038024,1115.6130405566673,861.0715927825747,0.0,0.0,146.0942143165005,12.408017276766245,66.83541157419066,67.82021215542663,74.29086942347296,69.56748682880465,77.02493325287602,89.9641973048568,77.04431175704019,75.4822511205773,83.99900356220613,82.68829617741578,83.14545544042383,13.209164185283733
27,606.2096493102695,1133.9378508954503,0.6212458958851123,0.2922428899292127,0.13925737016195006,49,0.0,0.0073316309350338746,1.0522593155366637,-0.055306947996600284,606.2096493102695,1133.9378508954503,165.4201117777564,0.0,0.0,146.73139008062182,12.415405865609973,22.230497574668895,16.23122321044654,9.730333231214454,13.353944891947407,11.729765415635226,12.277836597210293,19.98777920242749,15.85620336963763,16.547002389654093,9.607528467639106,16.928085788600583,0.9399116386746926
28,70.13607816236866,1138.5758184308409,0.2527118519161729,0.026054946278893192,0.01606885011003152,49,0.0,0.004535043017646198,1.036454897556157,-0.03887602013001509,70.13607816236866,1138.5758184308409,178.46619673357867,0.9839113265032386,0.0,146.96008601100073,12.416886857047354,11.267322050479173,12.954003139602046,26.489075050785036,14.97135161695091,20.678970022701666,14.688155532831445,17.139768849966405,12.25771901828329,16.78977367829622,15.434410053760523,13.810765071084587,1.9848826488373672
29,472.0341703853153,1140.8605065605482,0.7509696883326615,0.09198037786348408,-0.06528289516922912,49,0.0,0.016532462728177176,2.2158314469464044,-0.8638418038987055,472.0341703853153,1140.8605065605482,232.85386339076283,0.0,0.0,146.78863681715208,12.418195181070367,20.72555167805716,24.66334700782939,17.03675316175421,14.720722089800775,20.41120367651512,24.43766263007378,21.207926278287502,25.131437477695613,19.54425537777778,18.03882346922954,24.94955122280712,1.9866293209348433
30,1056.9777408170787,1213.0352357483519,0.5505022015573532,0.045754456504088506,0.2375176619757572,49,0.0,0.014934310965340382,2.42465408251369,-0.9616244699525056,1056.9777408170787,1213.0352357483519,301.64490298056455,0.0,0.0,146.539109771745,12.448593714520976,25.06365898081399,26.605972487848,35.77763884423331,22.119054410042782,28.976819466648685,25.844948772239285,29.522431183664075,21.39855613987509,30.456345353408253,28.392140755034852,26.511195323554873,0.9761412632013763
31,2404.947074529262,1216.0980297662331,0.6923018266795555,-0.6317332111337643,0.025317002263870667,49,0.0,0.030254551631746892,3.9816624575643362,-1.5001611006607414,2404.947074529262,1216.0980297662331,563.5349530313915,0.0,0.0,145.96393910207425,12.449752217479956,52.09874995244474,50.760408161261594,46.222649830251605,52.77347256901836,56.97879000945967,50.643168282024824,44.67720604713199,51.5962262902615,48.29514556741374,54.94092546861271,39.214697851693785,15.333513001817021
32,1942.6912404838542,1234.7898638936056,0.49748115252216485,0.3409301745241203,0.01453653668918091,49,0.0,0.021403112591471134,3.7319528374884445,-1.4298403667939106,1942.6912404838542,1234.7898638936056,424.99105989109756,0.0,0.0,146.16117498684946,12.457717684316172,28.89868606046796,28.100511360637146,36.76580711247727,32.15093097762714,40.82292629569487,41.33763442482383,41.06937764242437,60.2456831709093,40.81478266280878,31.2883310107282,37.75755434271247,5.7388348297862315
33,705.081283247975,1241.3051199847864,0.9199063310123444,0.043634826622206024,0.2851594381520408,49,0.0,0.012588660971372375,1.2582461856287805,-0.24941405627043226,705.081283247975,1241.3051199847864,253.95233948673484,0.0,0.0,146.6892760632487,12.460203139293487,26.91334383638813,23.9614528543976,26.232042642514937,23.4305698444372,14.047911173957628,23.231320973407573,23.20441636483995,24.958637739056023,20.72770772824341,20.421391520555616,22.84948750552458,3.974057303412188
34,1408.690000996299,1273.9212684325275,0.47562691890891456,-0.35576416898308344,0.11958426507435214,49,0.0,0.013869279339819313,2.429376629551531,-0.9637371232172329,1408.690000996299,1273.9212684325275,321.19905392574236,0.0,0.0,146.389044554956,12.47404919385887,26.280076797891475,26.770224574097085,30.02606300103364,35.19604980008037,37.377373772859634,24.6659281153528,26.512962553950103,27.305572775524183,25.759931794016655,25.02180625411622,28.944304234750128,7.338760252070075
35,1484.8734966682998,1296.92350896443,0.6478124761621383,-0.022457812617895853,-0.04823432125790119,49,0.0,0.009885033222349356,1.2855839292442224,-0.2727510869625472,1484.8734966682998,1296.92350896443,260.56106688078137,0.0,0.0,146.3565359644422,12.483641256706813,19.798451687847248,26.490064391888282,24.67308413526401,26.728960258189957,20.089305909881848,27.648392242572804,13.962574124417738,21.93565761361498,28.17023535084744,20.50843261708348,25.13877263451168,5.417135914661881
36,1027.042184466584,1366.5569513777336,0.4761303393597831,0.14322824378385324,0.48209701635164387,49,0.0,0.0064969250866056686,1.1562306774689348,-0.15761122006775072,1027.042184466584,1366.5569513777336,160.65092238387976,0.0,0.0,146.55194405023497,12.512548995877392,9.457178069687718,7.71430975765775,18.765725194627652,21.479115035681936,13.93523172529493,13.750537816478339,13.440454222095054,18.157864698313915,15.167916174476883,14.666766123881397,13.178915130720405,0.936908434963774
37,1482.1277476408254,1377.0622200528396,0.30811551909707535,-0.5573381734743453,-0.07745380123413068,49,0.0,0.011260605066503912,1.8941576533982516,-0.6935403077762292,1482.1277476408254,1377.0622200528396,474.0291674706059,0.0,0.0,146.35771430964184,12.517032034267046,41.25481463927285,35.22661344032636,45.360343111206575,43.53180102663844,38.16997291837302,38.18661369319347,54.22560811928771,45.799470331006084,45.29981004482555,35.123668562896505,51.85045158357932,0.0
38,791.5681755162983,1407.6367083757107,0.6426150774714212,0.33436011158768203,-0.02205169879286727,49,0.0,0.031069396162864388,4.583820983613757,-1.6530691209220918,791.5681755162983,1407.6367083757107,481.6802357721297,0.0,0.0,146.65246554093724,12.529555765714807,39.20741232947687,36.19073331457667,37.066965260659515,44.80004748530973,42.41533323445239,48.70774185566425,50.294844763722814,46.222907266181466,55.80476874676091,38.77830446522145,37.95751861598666,4.233658434116991
39,521.5898155038976,1474.5017443681802,0.5256791993696808,0.6087603334671211,0.11699478017987777,49,0.0,0.01284633588481934,1.607257699171979,-0.5152137870480418,521.5898155038976,1474.5017443681802,586.6987309015245,0.0,0.0,146.7677452747477,12.55724366227254,44.36281287470523,59.314668075091205,46.8786003187264,50.39408299477394,48.26964053481662,65.17112764985258,49.45905108973166,54.84108628528201,55.1715090064568,55.030068156165456,50.95428445540345,6.851799460519176
40,127.2111212212424,1482.1260160042004,0.5826596461138204,0.1979509432112973,-0.02733770915672294,49,0.0,0.2628041062117478,41.48630715501381,-4.044761946100083,127.2111212212424,1482.1260160042004,3950.385380479228,0.0,0.0,146.93608946889205,12.56008061320958,325.42718233756506,335.62323896147404,359.6752543607844,373.81220830008374,405.95053116778786,349.32416939046607,356.2087597634208,336.18980173818244,363.83643507308295,341.3925617056384,351.24607736715825,51.69916031358493
41,558.840041959437,1549.8927293298977,0.6652545214264376,-0.1560190826801956,-0.26934141059777045,49,0.0,0.007426856960339681,1.0252865932487838,-0.027113196331176558,558.840041959437,1549.8927293298977,161.83427060380092,0.0,0.0,146.7518994822394,12.588682267983184,12.704746333823818,14.651234207103853,9.45939753700001,13.649293968580107,9.629994537633277,17.396474993995657,17.865655406665418,13.798714884772142,16.65635838054445,17.537959007013974,16.559586922576305,1.9248544240919143
42,88.02618019170812,1605.3860812338464,0.4408163524724547,0.40205345738975307,0.012874325934340191,49,0.0,0.009753663677958957,1.7192452999726964,-0.5883446143823033,88.02618019170812,1605.3860812338464,257.01520414362244,0.0,0.0,146.95294426719752,12.611396212904083,12.861351195522538,25.125509430187336,20.675175011335718,24.71907298873765,24.843102013309547,21.151072089217415,28.637408706196098,26.645106108913524,17.977934334919997,24.124010594233454,26.194211984645342,4.061249686403794
43,2341.8231762067994,1611.800574670182,0.6292022957181479,-0.23471595749329177,-0.5549486854591521,49,0.0,0.007106024468555842,1.011781055192103,-0.012716358311540754,2341.8231762067994,1611.800574670182,201.99494107932594,0.0,0.0,145.99066948174791,12.614657980907884,14.883866887330989,13.494977418609373,14.964770699842976,19.135975370669154,22.712439472149516,19.320933676598994,22.766337860891213,20.396144384994688,14.59071794121415,19.2212428987867,13.640194222959142,6.86734024527905
44,2311.0647803319866,1626.958673559406,0.6758532629178368,-0.382009926849743,0.26801625014404207,49,0.0,0.008323709375983954,1.0676186327346098,-0.07104036188761034,2311.0647803319866,1626.958673559406,244.32225104323027,0.0,0.0,146.00379464216647,12.620988907983177,30.345754239564343,24.287312383573394,17.672169291381095,25.970832693761114,24.313872624779442,16.38156723969529,26.284630692817704,19.913135178966144,25.359138964298793,11.987816379113578,18.505841350866252,3.3001800044130984
45,2497.7196152928877,1647.608901491231,0.663368050203103,0.24888557575735074,0.04015350939005333,49,0.0,0.20737697486208712,29.311898840205338,-3.667609882936058,2497.7196152928877,1647.608901491231,3044.742290593059,0.0,0.0,145.92408596978132,12.629491175972085,261.01682051653705,299.07626691847923,243.50161367195676,311.0084324941457,273.6413686331902,280.91361163623867,314.3146333091675,237.63811331101084,259.4781434767782,250.08030414708747,271.2969990119286,42.77598346653912
46,2378.3042339732506,1658.3982443087298,0.8031909845567882,0.22387682130585368,0.017320202285168087,49,0.0,0.02360107925634796,2.8072058320244224,-1.1206856436586867,2378.3042339732506,1658.3982443087298,408.0741797359584,0.0,0.0,145.97506835013277,12.634054559183253,19.74734775769118,36.296777081513,25.087768459214914,32.81379910667021,50.85977381364786,34.90112686451532,50.39511180973329,29.402990735827757,41.73905046481224,45.94714516404904,33.677278249546795,7.2060102287367505
47,2671.910103379376,1659.8801090883192,0.3832195297137946,0.08530786644582208,-0.5302028009055907,49,0.0,0.008043342819892947,1.4890886614220167,-0.43230139182839866,2671.910103379376,1659.8801090883192,287.67292744571523,15.887949658715936,0.0,145.84970175507877,12.63448761173604,25.518210043385967,23.480905243939105,21.459126723733206,33.529667879362115,30.777250879877172,23.733611583483906,24.22307535106827,23.681665083947117,24.14713320031685,22.284072238710955,33.47703354239823,1.3611756754923194
48,99.72902166627216,1666.9753161328765,0.39226843204832423,0.4922311218298869,0.03074874305567296,49,0.0,0.007172507101117171,1.390457908820602,-0.35789461668684075,99.72902166627216,1666.9753161328765,202.0587516621872,9.0,0.0,146.94801234769974,12.637068739049768,12.555602397761088,13.06394753182406,22.004397619381173,20.072670476931936,11.559188598053222,19.429169430017758,16.360568421088267,21.8826566280784,18.794082781981523,15.543808573689903,25.847989909213375,4.944669294166495
49,256.9794158800449,1713.4535131529956,0.7794669871250021,0.1272741285779301,0.10825884258299344,49,0.0,0.00937722612047531,1.1743214122994223,-0.17446744944193435,256.9794158800449,1713.4535131529956,170.08402376148712,0.0,0.0,146.8809154680347,12.656585588094764,13.02165341194631,13.035788553144496,18.96473279617632,14.491843696467885,21.377945132221175,12.306441791285941,11.24511417209779,20.40315819693336,10.495031415410313,14.221316737648495,15.860072612863735,4.660925245291276
50,1973.5348891762892,1729.0350646178351,0.3439143247203089,-0.4576119111807475,0.05056332223463666,49,0.0,0.013111164023575218,2.6277713454921927,-1.048968931413326,1973.5348891762892,1729.0350646178351,429.50411004289106,0.0,0.0,146.14788570780345,12.663644630569417,36.33403449481476,42.45791420080705,36.82374258982378,37.34027350991628,43.65338257295577,46.89886733494748,35.62379464364581,41.84923286885745,31.515725366400375,34.35816691886862,40.18088110105617,2.4680944407975223
51,559.233733189403,1730.4728052278504,0.740399856624973,0.06406501113320966,0.4815915718427047,49,0.0,0.008110089994087927,1.0651692646757451,-0.06854656608853771,559.233733189403,1730.4728052278504,169.91280425486684,0.0,0.0,146.75186203375176,12.66392196158533,11.205910264443842,14.889414511085448,16.886198428528964,17.590336912532823,14.788921742017333,18.325171382125482,18.206515298288434,9.969642868190327,14.719971179116492,13.865192180250125,18.46386655706954,1.0016629312180125
52,577.6808781080672,1731.7999903191283,0.4525026487507363,0.13869196214196966,0.05349063107047224,49,0.0,0.006749997908352907,1.1727822422702228,-0.17304345364841392,577.6808781080672,1731.7999903191283,197.51543775159192,0.0,0.0,146.74398547608465,12.664487900351878,13.605731595947553,16.291058393483304,19.41002225452923,22.46913927052141,16.88051687059672,19.556571370833822,16.354871585158488,12.382710964594256,22.132595500897192,16.873148113600447,19.573798441170204,1.9852733902592883
53,1255.6015133126696,1746.3609346880244,0.6507248703542537,0.1645818543842545,0.005434149037061376,49,0.0,0.019860420384978785,2.875805011048033,-1.146898590319632,1255.6015133126696,1746.3609346880244,343.955464039007,0.0,0.0,146.45448628719933,12.670870588505156,29.554431873559654,36.08831028500671,34.07532060117259,29.20411588884876,35.81763964926482,28.851551428707445,26.266499890098338,25.97686104710158,27.506884268673204,31.051352135596716,34.64789090123417,4.9146060697429945
54,544.8975917066127,1773.9149078974206,0.8407798797017354,0.1066464943767496,0.0016767371940721182,49,0.0,0.07239912434183104,8.947113814955602,-2.379207404941124,544.8975917066127,1773.9149078974206,755.9730872530782,0.0,0.0,146.75801586507362,12.682012022524455,60.49268164622578,57.759737827033604,73.0705526558048,80.72149236536498,75.00103885747991,68.79583925304766,63.39615683395016,58.50786074781557,66.43418107492462,69.65386760833424,72.15991443236199,9.979763950734887
55,1604.2916582366984,1897.8830609559448,0.5464831771103569,0.5838173574404003,0.22265073126784363,49,0.0,0.008718451403249089,1.2644111967842886,-0.25472083251886535,1604.2916582366984,1897.8830609559448,242.49087042160232,0.0,0.0,146.30557208397363,12.734045150857812,23.363970216301702,26.30499833057786,22.054839683856194,19.519846034446733,17.723143228227347,17.668602517464635,14.221009770947905,25.63266661650853,24.483240138401882,22.00451893259862,26.94995963310536,2.564075319165563
56,1683.2035866356596,1916.5007534607064,0.6248450323876544,0.4220685887894118,0.15220529426019472,49,0.0,0.008084517373521005,1.1177650308274087,-0.1208762965772177,1683.2035866356596,1916.5007534607064,209.355078085943,0.0,0.0,146.27186200898407,12.741800145785787,19.097845623945425,16.3354386115281,17.040025537855115,14.137615726779291,14.937087250525991,25.463236808563583,22.736553398729743,19.118771945045886,20.11274486481879,15.479854631379059,21.382635409271714,3.5132682775003024
57,708.7728979613731,1917.5093695106484,0.6386842509910271,0.2010775416226137,0.14669239493119288,49,0.0,0.03777714076142392,5.770665346259663,-1.9030647233357965,708.7728979613731,1917.5093695106484,541.65272918953,0.0,0.0,146.68811966329662,12.741950323600436,39.27840611100743,51.84110588429169,47.238319374154344,53.48728220083427,48.33245732279387,46.64219700338572,40.76456220768645,53.13754624768434,44.975728336500964,58.78820708473367,54.89103845293845,2.2758789635187973
58,1417.6390488543693,1920.4749048825777,0.7620217165678344,-0.22260037494648294,-0.024455883998402962,49,0.0,0.6929099893562869,90.9780682506788,-4.897341777899566,1417.6390488543693,1920.4749048825777,8197.184338058432,0.0,0.0,146.38530777721823,12.743446919554387,688.4419794705498,723.9965789211103,727.1709118562756,744.8154360377623,710.6373952157603,707.4050137226895,772.8242374207834,744.0601415934123,748.8922522920805,759.0837719463277,772.7255067961705,97.1311127855107
59,1302.1146267621125,2032.15433194982,0.9390777708938083,0.012749105698688316,0.017270971404030628,49,0.0,0.012297771120574888,1.3601804748372324,-0.33399134082600157,1302.1146267621125,2032.15433194982,188.47679211226915,0.0,0.0,146.43468146629826,12.789960500035944,19.505786595371177,12.8312069689451,18.82785928044503,21.479620059401753,16.0984152963219,12.61807060323191,20.76270899086075,13.560461660568333,9.926818866168022,20.214005841331694,17.145017575640914,5.506820373982573
60,881.8371226498234,2076.425720965315,0.4459539861516404,0.38675551221104565,0.05955293615271424,49,0.0,0.03355406359127042,5.90213386898445,-1.9275226392661318,881.8371226498234,2076.425720965315,771.2431658811238,0.0,0.0,146.61427112300646,12.808259440877647,68.28294907737518,50.817090444385585,72.82362227228899,78.71746441305652,74.89755530772958,67.25188949155651,72.35423701080141,73.93887754123307,69.08309873866823,54.505209759881055,80.01600052334797,8.555171300799671
61,359.05705246428687,2078.712581396714,0.8603007726423797,0.7433540420141163,0.3683013760900808,49,0.0,0.008846381278750088,1.053852569587734,-0.05694964698978165,359.05705246428687,2078.712581396714,160.33970976967808,0.0,0.0,146.83764308930924,12.808859327547163,16.13743110566612,5.947846660134923,11.625354686873482,9.30398908133585,23.638754233579007,9.676567162483515,15.510127896193875,9.494759579227916,17.838136894561675,14.034609240879604,21.67994008512126,5.452193143620828
62,2593.148741715788,2093.986954457657,0.6706555307786877,0.015893230701399665,-0.21690791877767537,49,0.0,0.07316524924885498,10.042156269098424,-2.5045674382040373,2593.148741715788,2093.986954457657,1224.6848868821855,0.0,313.2495722394108,145.88303185014334,12.815414840906111,114.4892453093151,100.27892913813065,117.47146198778083,117.51192325546566,114.55160327112645,101.39862025560255,107.03831209523037,89.9719822556875,131.89056235509852,125.9447234283688,85.7513505345799,18.38617299579947
63,1526.3620782201488,2103.819800802504,0.5452608258924911,-0.02202672894245754,-0.0790160452712486,49,0.0,0.04379026555735807,7.25210685045141,-2.1511604856007276,1526.3620782201488,2103.819800802504,785.8621565645669,23.0,0.0,146.3388720764809,12.819849492413963,60.974216450468816,69.5921028907522,81.38788050612703,63.95078959930872,76.76930480408414,69.64805804298275,59.60552833592536,92.9341520888234,67.98637142740151,66.13524510167035,69.18715467679777,7.691352640224854
64,294.71966521849936,2118.533998611949,0.341540676096607,-0.30363308812890955,0.19802497927034654,49,0.0,0.00819436201276949,1.4135525517344325,-0.37577989729912803,294.71966521849936,2118.533998611949,315.36963199427953,0.0,0.0,146.86516803961737,12.825394137070946,17.333438736139307,24.330268108641945,26.154141587003537,29.26704355335967,35.35260736806109,27.00150096118128,25.90354631733529,32.45017210327656,23.105307793454774,41.5141536107538,28.824959987088285,4.132491867984064
65,2418.1071228094306,2166.981249207585,0.5005497025806374,-0.2488417209031003,-0.1468993576963226,49,0.0,0.007172177679972966,1.192132551241947,-0.19081136643101207,2418.1071228094306,2166.981249207585,229.71591865002847,16.923247116183433,0.0,145.95778375320867,12.84593731312781,19.972246574447514,21.226702752875617,22.122981939146236,15.9202573860386,12.922075880388663,18.65029403340619,24.025297575871548,26.44498730670726,22.27800257395718,28.35989399501531,14.785732255017791,3.0074463771565387
66,622.1662673096655,2276.4640247824423,0.748751677256273,0.31528216273849424,0.27780671005277097,49,0.0,0.026709842261933597,3.549534851091528,-1.3754286116236907,622.1662673096655,2276.4640247824423,363.46301384306787,0.0,0.0,146.72535933766343,12.891453270235179,33.45853722241124,33.52796724054224,33.382607613109485,35.50058200733426,32.51020913019183,22.38797117013781,39.61936847490574,20.062623129702253,36.047865208870505,39.40629793778676,35.28003682506336,2.2789478830123353
67,1469.887282474238,2285.5586973310033,0.4023788676138369,-0.35964834499598763,-0.2384117634979789,49,0.0,0.00581892340904715,1.0923167283933428,-0.0958714618765976,1469.887282474238,2285.5586973310033,234.64586610689142,0.0,0.0,146.3630211535897,12.895568585365078,10.011999027681824,15.160599949125338,31.733027480066447,26.9821507378493,25.58162550532185,16.33435084224922,19.98034204385289,20.139912681091033,24.39254583145653,19.343496340441813,24.985815667755162,0.0
68,472.9041842426439,2317.7788484116877,0.5199284351816669,0.6764044470031217,0.0851237268865645,49,0.0,0.014206657051805687,2.217001502798286,-0.8644149687546256,472.9041842426439,2317.7788484116877,351.0489989144734,0.0,0.0,146.78918780257519,12.908557743140786,28.68650234899894,29.403502558488107,42.08748609276857,32.9134258856641,34.385585703094655,29.407118113244195,28.535739034557157,31.731534958715905,35.82510295214431,25.037346142956693,28.607179605168525,4.428475518672245
69,2595.3732628836324,2391.0296546939157,0.39846573235146987,0.419711017347239,0.6565997966164484,49,0.0,0.4696392778491361,93.64507734984284,-4.928712381774412,2595.3732628836324,2391.0296546939157,85060.79370366776,0.0,78.48291620504948,145.88187565161363,12.939174961738221,7835.711229602703,12933.998251042049,5261.980721205586,2834.767505889468,2494.473678775823,18510.966405764437,3713.878749259928,652.1526575388842,9507.493851561203,2967.261209313009,18348.10944371467,0.0
70,2600.9944944207664,2394.798716565175,0.598329317381115,0.28817074319162267,0.5035394429512745,49,0.0,3.5986919661063093,640.4761843833523,-7.01625746368268,2600.9944944207664,2394.798716565175,75890.40735248664,0.0,60.112168811694715,145.8794699940706,12.940741404493803,6927.362666972311,14728.868790920378,4218.5787313087085,2749.657287907605,4403.26843010196,17198.61055333855,4144.8180010906135,988.8771378374943,235.6193849650657,4631.746149307306,15651.686075124911,11.314143611745903
71,667.1787356054485,2433.2035172836027,0.5129621165746059,-0.27814912686362114,-0.0669056142234811,49,0.0,0.010833832876440472,1.6366488691870849,-0.5348887869056177,667.1787356054485,2433.2035172836027,286.19614278593156,0.0,0.0,146.70622223004867,12.956787675648044,23.42770391752265,20.70891490304377,20.316312120887545,21.654925923157105,31.07719299360059,27.29866484276439,23.842038231957794,28.387788593776776,25.71166573151052,28.9094181468368,30.82850237339497,4.033015007478667
72,821.5921846655707,2444.0747092155784,0.5902496305834563,0.42468316422697444,0.43352889721894167,49,0.0,0.007367462314872665,1.1495562680433014,-0.15132558451702768,821.5921846655707,2444.0747092155784,152.4968307117759,0.0,0.0,146.64021212038062,12.96140924706011,4.710701024290237,11.657157890244982,22.421599502181085,11.501198107689206,12.204490872261744,12.240124208583278,18.042600923974803,10.838337727835397,14.216025923542539,11.025490262769301,17.848170166824758,5.790934101578586
73,2543.0372752850544,2469.94847071157,0.38393079357839077,-0.10995817724696197,-0.2973976605691415,49,0.0,0.6499890276474081,134.1165642039167,-5.3187060478747945,2543.0372752850544,2469.94847071157,inf,0.0,48.61075156890111,145.9041971326624,12.972091083125198,8632.620816326778,5515.836379143223,113.60010643662358,3075.8906975927985,8441.16046297644,9084.640384788483,2091.3427363200008,2276.716531734755,7682.047114482993,inf,5573.110147630641,283.5013989641336
74,2483.914164466006,2479.0281064818723,0.7749694104371133,0.6039768221855657,0.031730152414527445,49,0.0,0.21954641263127894,30.12826151418156,-3.6974351809440433,2483.914164466006,2479.0281064818723,19375.722474755894,0.0,87.72038500679108,145.92946967941637,12.975911703183126,1961.2050160613578,7020.772399146652,795.0540209712,798.305151065688,32.44510914796506,788.3010659112367,45.20249971647707,1965.5399491741632,92.72726695192448,5737.914524291982,138.2554723172434,0.0
75,1965.9712754131162,2599.912630201138,0.5055923387740784,-0.10913681819163948,-0.23136097224991986,49,0.0,0.01910693824630556,3.309463045602739,-1.2993938399917269,1965.9712754131162,2599.912630201138,392.69298143598587,2.0,0.0,146.15089427394688,13.02650352223925,33.872852594381065,30.248964246173,38.42168436385134,36.232185402197494,38.2387590605842,38.646282394597826,32.3661990521765,27.266889393205584,33.170358857687646,30.081103284924705,47.423322891728006,6.724379894478492
76,1737.7193989245109,2656.903822071164,0.6036524186255277,0.30402839525421127,0.23565942523764444,49,0.0,0.008989126645041631,1.3526364437099316,-0.32795271080793603,1737.7193989245109,2656.903822071164,228.49721006060435,16.519157703530635,0.0,146.24850293142495,13.050288728327486,16.938912150482878,20.185932709398788,16.274260302789735,22.44994211901829,22.155268860724618,26.038138613227442,17.419532499357246,27.71345316128214,13.701533797406553,25.915036154233526,13.79269969683876,5.912499995844389
